Time:1
Waiting clients:
(3, 2, 6)(14, 2, 6)(31, 2, 3)(41, 4, 6)(9, 6, 4)(2, 7, 4)(16, 7, 2)(23, 7, 5)(35, 8, 3)(44, 8, 4)(43, 9, 1)(32, 11, 4)(10, 12, 1)(42, 12, 5)(38, 13, 2)(39, 13, 1)(11, 15, 4)(40, 15, 1)(17, 16, 2)(33, 16, 5)(50, 16, 3)(25, 17, 4)(49, 19, 2)(21, 22, 3)(5, 23, 4)(28, 23, 2)(22, 24, 1)(24, 24, 2)(47, 24, 6)(1, 25, 3)(8, 26, 6)(12, 26, 2)(29, 26, 4)(36, 27, 6)(48, 28, 6)(20, 29, 4)(4, 31, 4)(30, 32, 1)(34, 32, 1)(37, 33, 4)(13, 34, 3)(27, 34, 5)(7, 35, 3)(19, 35, 2)(46, 35, 3)(18, 36, 1)(6, 38, 1)(26, 38, 2)(45, 38, 1)(15, 39, 1)
Queue1: 
Queue2: 
Queue3: 
Queue4: 
Queue5: 

Time:2
Waiting clients:
(41, 4, 6)(9, 6, 4)(2, 7, 4)(16, 7, 2)(23, 7, 5)(35, 8, 3)(44, 8, 4)(43, 9, 1)(32, 11, 4)(10, 12, 1)(42, 12, 5)(38, 13, 2)(39, 13, 1)(11, 15, 4)(40, 15, 1)(17, 16, 2)(33, 16, 5)(50, 16, 3)(25, 17, 4)(49, 19, 2)(21, 22, 3)(5, 23, 4)(28, 23, 2)(22, 24, 1)(24, 24, 2)(47, 24, 6)(1, 25, 3)(8, 26, 6)(12, 26, 2)(29, 26, 4)(36, 27, 6)(48, 28, 6)(20, 29, 4)(4, 31, 4)(30, 32, 1)(34, 32, 1)(37, 33, 4)(13, 34, 3)(27, 34, 5)(7, 35, 3)(19, 35, 2)(46, 35, 3)(18, 36, 1)(6, 38, 1)(26, 38, 2)(45, 38, 1)(15, 39, 1)
Queue1: (3, 2, 6), 
Queue2: (14, 2, 6), 
Queue3: (31, 2, 3), 
Queue4: 
Queue5: 

Time:3
Waiting clients:
(41, 4, 6)(9, 6, 4)(2, 7, 4)(16, 7, 2)(23, 7, 5)(35, 8, 3)(44, 8, 4)(43, 9, 1)(32, 11, 4)(10, 12, 1)(42, 12, 5)(38, 13, 2)(39, 13, 1)(11, 15, 4)(40, 15, 1)(17, 16, 2)(33, 16, 5)(50, 16, 3)(25, 17, 4)(49, 19, 2)(21, 22, 3)(5, 23, 4)(28, 23, 2)(22, 24, 1)(24, 24, 2)(47, 24, 6)(1, 25, 3)(8, 26, 6)(12, 26, 2)(29, 26, 4)(36, 27, 6)(48, 28, 6)(20, 29, 4)(4, 31, 4)(30, 32, 1)(34, 32, 1)(37, 33, 4)(13, 34, 3)(27, 34, 5)(7, 35, 3)(19, 35, 2)(46, 35, 3)(18, 36, 1)(6, 38, 1)(26, 38, 2)(45, 38, 1)(15, 39, 1)
Queue1: (3, 2, 5), 
Queue2: (14, 2, 5), 
Queue3: (31, 2, 2), 
Queue4: 
Queue5: 

Time:4
Waiting clients:
(9, 6, 4)(2, 7, 4)(16, 7, 2)(23, 7, 5)(35, 8, 3)(44, 8, 4)(43, 9, 1)(32, 11, 4)(10, 12, 1)(42, 12, 5)(38, 13, 2)(39, 13, 1)(11, 15, 4)(40, 15, 1)(17, 16, 2)(33, 16, 5)(50, 16, 3)(25, 17, 4)(49, 19, 2)(21, 22, 3)(5, 23, 4)(28, 23, 2)(22, 24, 1)(24, 24, 2)(47, 24, 6)(1, 25, 3)(8, 26, 6)(12, 26, 2)(29, 26, 4)(36, 27, 6)(48, 28, 6)(20, 29, 4)(4, 31, 4)(30, 32, 1)(34, 32, 1)(37, 33, 4)(13, 34, 3)(27, 34, 5)(7, 35, 3)(19, 35, 2)(46, 35, 3)(18, 36, 1)(6, 38, 1)(26, 38, 2)(45, 38, 1)(15, 39, 1)
Queue1: (3, 2, 4), 
Queue2: (14, 2, 4), 
Queue3: (31, 2, 1), 
Queue4: (41, 4, 6), 
Queue5: 

Time:5
Waiting clients:
(9, 6, 4)(2, 7, 4)(16, 7, 2)(23, 7, 5)(35, 8, 3)(44, 8, 4)(43, 9, 1)(32, 11, 4)(10, 12, 1)(42, 12, 5)(38, 13, 2)(39, 13, 1)(11, 15, 4)(40, 15, 1)(17, 16, 2)(33, 16, 5)(50, 16, 3)(25, 17, 4)(49, 19, 2)(21, 22, 3)(5, 23, 4)(28, 23, 2)(22, 24, 1)(24, 24, 2)(47, 24, 6)(1, 25, 3)(8, 26, 6)(12, 26, 2)(29, 26, 4)(36, 27, 6)(48, 28, 6)(20, 29, 4)(4, 31, 4)(30, 32, 1)(34, 32, 1)(37, 33, 4)(13, 34, 3)(27, 34, 5)(7, 35, 3)(19, 35, 2)(46, 35, 3)(18, 36, 1)(6, 38, 1)(26, 38, 2)(45, 38, 1)(15, 39, 1)
Queue1: (3, 2, 3), 
Queue2: (14, 2, 3), 
Queue3: 
Queue4: (41, 4, 5), 
Queue5: 

Time:6
Waiting clients:
(2, 7, 4)(16, 7, 2)(23, 7, 5)(35, 8, 3)(44, 8, 4)(43, 9, 1)(32, 11, 4)(10, 12, 1)(42, 12, 5)(38, 13, 2)(39, 13, 1)(11, 15, 4)(40, 15, 1)(17, 16, 2)(33, 16, 5)(50, 16, 3)(25, 17, 4)(49, 19, 2)(21, 22, 3)(5, 23, 4)(28, 23, 2)(22, 24, 1)(24, 24, 2)(47, 24, 6)(1, 25, 3)(8, 26, 6)(12, 26, 2)(29, 26, 4)(36, 27, 6)(48, 28, 6)(20, 29, 4)(4, 31, 4)(30, 32, 1)(34, 32, 1)(37, 33, 4)(13, 34, 3)(27, 34, 5)(7, 35, 3)(19, 35, 2)(46, 35, 3)(18, 36, 1)(6, 38, 1)(26, 38, 2)(45, 38, 1)(15, 39, 1)
Queue1: (3, 2, 2), 
Queue2: (14, 2, 2), 
Queue3: (9, 6, 4), 
Queue4: (41, 4, 4), 
Queue5: 

Time:7
Waiting clients:
(35, 8, 3)(44, 8, 4)(43, 9, 1)(32, 11, 4)(10, 12, 1)(42, 12, 5)(38, 13, 2)(39, 13, 1)(11, 15, 4)(40, 15, 1)(17, 16, 2)(33, 16, 5)(50, 16, 3)(25, 17, 4)(49, 19, 2)(21, 22, 3)(5, 23, 4)(28, 23, 2)(22, 24, 1)(24, 24, 2)(47, 24, 6)(1, 25, 3)(8, 26, 6)(12, 26, 2)(29, 26, 4)(36, 27, 6)(48, 28, 6)(20, 29, 4)(4, 31, 4)(30, 32, 1)(34, 32, 1)(37, 33, 4)(13, 34, 3)(27, 34, 5)(7, 35, 3)(19, 35, 2)(46, 35, 3)(18, 36, 1)(6, 38, 1)(26, 38, 2)(45, 38, 1)(15, 39, 1)
Queue1: (3, 2, 1), (16, 7, 2), 
Queue2: (14, 2, 1), (23, 7, 5), 
Queue3: (9, 6, 3), 
Queue4: (41, 4, 3), 
Queue5: (2, 7, 4), 

Time:8
Waiting clients:
(43, 9, 1)(32, 11, 4)(10, 12, 1)(42, 12, 5)(38, 13, 2)(39, 13, 1)(11, 15, 4)(40, 15, 1)(17, 16, 2)(33, 16, 5)(50, 16, 3)(25, 17, 4)(49, 19, 2)(21, 22, 3)(5, 23, 4)(28, 23, 2)(22, 24, 1)(24, 24, 2)(47, 24, 6)(1, 25, 3)(8, 26, 6)(12, 26, 2)(29, 26, 4)(36, 27, 6)(48, 28, 6)(20, 29, 4)(4, 31, 4)(30, 32, 1)(34, 32, 1)(37, 33, 4)(13, 34, 3)(27, 34, 5)(7, 35, 3)(19, 35, 2)(46, 35, 3)(18, 36, 1)(6, 38, 1)(26, 38, 2)(45, 38, 1)(15, 39, 1)
Queue1: (16, 7, 2), (35, 8, 3), 
Queue2: (23, 7, 5), 
Queue3: (9, 6, 2), (44, 8, 4), 
Queue4: (41, 4, 2), 
Queue5: (2, 7, 3), 

Time:9
Waiting clients:
(32, 11, 4)(10, 12, 1)(42, 12, 5)(38, 13, 2)(39, 13, 1)(11, 15, 4)(40, 15, 1)(17, 16, 2)(33, 16, 5)(50, 16, 3)(25, 17, 4)(49, 19, 2)(21, 22, 3)(5, 23, 4)(28, 23, 2)(22, 24, 1)(24, 24, 2)(47, 24, 6)(1, 25, 3)(8, 26, 6)(12, 26, 2)(29, 26, 4)(36, 27, 6)(48, 28, 6)(20, 29, 4)(4, 31, 4)(30, 32, 1)(34, 32, 1)(37, 33, 4)(13, 34, 3)(27, 34, 5)(7, 35, 3)(19, 35, 2)(46, 35, 3)(18, 36, 1)(6, 38, 1)(26, 38, 2)(45, 38, 1)(15, 39, 1)
Queue1: (16, 7, 1), (35, 8, 3), 
Queue2: (23, 7, 4), 
Queue3: (9, 6, 1), (44, 8, 4), 
Queue4: (41, 4, 1), (43, 9, 1), 
Queue5: (2, 7, 2), 

Time:10
Waiting clients:
(32, 11, 4)(10, 12, 1)(42, 12, 5)(38, 13, 2)(39, 13, 1)(11, 15, 4)(40, 15, 1)(17, 16, 2)(33, 16, 5)(50, 16, 3)(25, 17, 4)(49, 19, 2)(21, 22, 3)(5, 23, 4)(28, 23, 2)(22, 24, 1)(24, 24, 2)(47, 24, 6)(1, 25, 3)(8, 26, 6)(12, 26, 2)(29, 26, 4)(36, 27, 6)(48, 28, 6)(20, 29, 4)(4, 31, 4)(30, 32, 1)(34, 32, 1)(37, 33, 4)(13, 34, 3)(27, 34, 5)(7, 35, 3)(19, 35, 2)(46, 35, 3)(18, 36, 1)(6, 38, 1)(26, 38, 2)(45, 38, 1)(15, 39, 1)
Queue1: (35, 8, 3), 
Queue2: (23, 7, 3), 
Queue3: (44, 8, 4), 
Queue4: (43, 9, 1), 
Queue5: (2, 7, 1), 

Time:11
Waiting clients:
(10, 12, 1)(42, 12, 5)(38, 13, 2)(39, 13, 1)(11, 15, 4)(40, 15, 1)(17, 16, 2)(33, 16, 5)(50, 16, 3)(25, 17, 4)(49, 19, 2)(21, 22, 3)(5, 23, 4)(28, 23, 2)(22, 24, 1)(24, 24, 2)(47, 24, 6)(1, 25, 3)(8, 26, 6)(12, 26, 2)(29, 26, 4)(36, 27, 6)(48, 28, 6)(20, 29, 4)(4, 31, 4)(30, 32, 1)(34, 32, 1)(37, 33, 4)(13, 34, 3)(27, 34, 5)(7, 35, 3)(19, 35, 2)(46, 35, 3)(18, 36, 1)(6, 38, 1)(26, 38, 2)(45, 38, 1)(15, 39, 1)
Queue1: (35, 8, 2), 
Queue2: (23, 7, 2), 
Queue3: (44, 8, 3), 
Queue4: (32, 11, 4), 
Queue5: 

Time:12
Waiting clients:
(38, 13, 2)(39, 13, 1)(11, 15, 4)(40, 15, 1)(17, 16, 2)(33, 16, 5)(50, 16, 3)(25, 17, 4)(49, 19, 2)(21, 22, 3)(5, 23, 4)(28, 23, 2)(22, 24, 1)(24, 24, 2)(47, 24, 6)(1, 25, 3)(8, 26, 6)(12, 26, 2)(29, 26, 4)(36, 27, 6)(48, 28, 6)(20, 29, 4)(4, 31, 4)(30, 32, 1)(34, 32, 1)(37, 33, 4)(13, 34, 3)(27, 34, 5)(7, 35, 3)(19, 35, 2)(46, 35, 3)(18, 36, 1)(6, 38, 1)(26, 38, 2)(45, 38, 1)(15, 39, 1)
Queue1: (35, 8, 1), (42, 12, 5), 
Queue2: (23, 7, 1), 
Queue3: (44, 8, 2), 
Queue4: (32, 11, 3), 
Queue5: (10, 12, 1), 

Time:13
Waiting clients:
(11, 15, 4)(40, 15, 1)(17, 16, 2)(33, 16, 5)(50, 16, 3)(25, 17, 4)(49, 19, 2)(21, 22, 3)(5, 23, 4)(28, 23, 2)(22, 24, 1)(24, 24, 2)(47, 24, 6)(1, 25, 3)(8, 26, 6)(12, 26, 2)(29, 26, 4)(36, 27, 6)(48, 28, 6)(20, 29, 4)(4, 31, 4)(30, 32, 1)(34, 32, 1)(37, 33, 4)(13, 34, 3)(27, 34, 5)(7, 35, 3)(19, 35, 2)(46, 35, 3)(18, 36, 1)(6, 38, 1)(26, 38, 2)(45, 38, 1)(15, 39, 1)
Queue1: (42, 12, 5), 
Queue2: (38, 13, 2), 
Queue3: (44, 8, 1), 
Queue4: (32, 11, 2), 
Queue5: (39, 13, 1), 

Time:14
Waiting clients:
(11, 15, 4)(40, 15, 1)(17, 16, 2)(33, 16, 5)(50, 16, 3)(25, 17, 4)(49, 19, 2)(21, 22, 3)(5, 23, 4)(28, 23, 2)(22, 24, 1)(24, 24, 2)(47, 24, 6)(1, 25, 3)(8, 26, 6)(12, 26, 2)(29, 26, 4)(36, 27, 6)(48, 28, 6)(20, 29, 4)(4, 31, 4)(30, 32, 1)(34, 32, 1)(37, 33, 4)(13, 34, 3)(27, 34, 5)(7, 35, 3)(19, 35, 2)(46, 35, 3)(18, 36, 1)(6, 38, 1)(26, 38, 2)(45, 38, 1)(15, 39, 1)
Queue1: (42, 12, 4), 
Queue2: (38, 13, 1), 
Queue3: 
Queue4: (32, 11, 1), 
Queue5: 

Time:15
Waiting clients:
(17, 16, 2)(33, 16, 5)(50, 16, 3)(25, 17, 4)(49, 19, 2)(21, 22, 3)(5, 23, 4)(28, 23, 2)(22, 24, 1)(24, 24, 2)(47, 24, 6)(1, 25, 3)(8, 26, 6)(12, 26, 2)(29, 26, 4)(36, 27, 6)(48, 28, 6)(20, 29, 4)(4, 31, 4)(30, 32, 1)(34, 32, 1)(37, 33, 4)(13, 34, 3)(27, 34, 5)(7, 35, 3)(19, 35, 2)(46, 35, 3)(18, 36, 1)(6, 38, 1)(26, 38, 2)(45, 38, 1)(15, 39, 1)
Queue1: (42, 12, 3), 
Queue2: (11, 15, 4), 
Queue3: (40, 15, 1), 
Queue4: 
Queue5: 

Time:16
Waiting clients:
(25, 17, 4)(49, 19, 2)(21, 22, 3)(5, 23, 4)(28, 23, 2)(22, 24, 1)(24, 24, 2)(47, 24, 6)(1, 25, 3)(8, 26, 6)(12, 26, 2)(29, 26, 4)(36, 27, 6)(48, 28, 6)(20, 29, 4)(4, 31, 4)(30, 32, 1)(34, 32, 1)(37, 33, 4)(13, 34, 3)(27, 34, 5)(7, 35, 3)(19, 35, 2)(46, 35, 3)(18, 36, 1)(6, 38, 1)(26, 38, 2)(45, 38, 1)(15, 39, 1)
Queue1: (42, 12, 2), 
Queue2: (11, 15, 3), 
Queue3: (17, 16, 2), 
Queue4: (33, 16, 5), 
Queue5: (50, 16, 3), 

Time:17
Waiting clients:
(49, 19, 2)(21, 22, 3)(5, 23, 4)(28, 23, 2)(22, 24, 1)(24, 24, 2)(47, 24, 6)(1, 25, 3)(8, 26, 6)(12, 26, 2)(29, 26, 4)(36, 27, 6)(48, 28, 6)(20, 29, 4)(4, 31, 4)(30, 32, 1)(34, 32, 1)(37, 33, 4)(13, 34, 3)(27, 34, 5)(7, 35, 3)(19, 35, 2)(46, 35, 3)(18, 36, 1)(6, 38, 1)(26, 38, 2)(45, 38, 1)(15, 39, 1)
Queue1: (42, 12, 1), (25, 17, 4), 
Queue2: (11, 15, 2), 
Queue3: (17, 16, 1), 
Queue4: (33, 16, 4), 
Queue5: (50, 16, 2), 

Time:18
Waiting clients:
(49, 19, 2)(21, 22, 3)(5, 23, 4)(28, 23, 2)(22, 24, 1)(24, 24, 2)(47, 24, 6)(1, 25, 3)(8, 26, 6)(12, 26, 2)(29, 26, 4)(36, 27, 6)(48, 28, 6)(20, 29, 4)(4, 31, 4)(30, 32, 1)(34, 32, 1)(37, 33, 4)(13, 34, 3)(27, 34, 5)(7, 35, 3)(19, 35, 2)(46, 35, 3)(18, 36, 1)(6, 38, 1)(26, 38, 2)(45, 38, 1)(15, 39, 1)
Queue1: (25, 17, 4), 
Queue2: (11, 15, 1), 
Queue3: 
Queue4: (33, 16, 3), 
Queue5: (50, 16, 1), 

Time:19
Waiting clients:
(21, 22, 3)(5, 23, 4)(28, 23, 2)(22, 24, 1)(24, 24, 2)(47, 24, 6)(1, 25, 3)(8, 26, 6)(12, 26, 2)(29, 26, 4)(36, 27, 6)(48, 28, 6)(20, 29, 4)(4, 31, 4)(30, 32, 1)(34, 32, 1)(37, 33, 4)(13, 34, 3)(27, 34, 5)(7, 35, 3)(19, 35, 2)(46, 35, 3)(18, 36, 1)(6, 38, 1)(26, 38, 2)(45, 38, 1)(15, 39, 1)
Queue1: (25, 17, 3), 
Queue2: (49, 19, 2), 
Queue3: 
Queue4: (33, 16, 2), 
Queue5: 

Time:20
Waiting clients:
(21, 22, 3)(5, 23, 4)(28, 23, 2)(22, 24, 1)(24, 24, 2)(47, 24, 6)(1, 25, 3)(8, 26, 6)(12, 26, 2)(29, 26, 4)(36, 27, 6)(48, 28, 6)(20, 29, 4)(4, 31, 4)(30, 32, 1)(34, 32, 1)(37, 33, 4)(13, 34, 3)(27, 34, 5)(7, 35, 3)(19, 35, 2)(46, 35, 3)(18, 36, 1)(6, 38, 1)(26, 38, 2)(45, 38, 1)(15, 39, 1)
Queue1: (25, 17, 2), 
Queue2: (49, 19, 1), 
Queue3: 
Queue4: (33, 16, 1), 
Queue5: 

Time:21
Waiting clients:
(21, 22, 3)(5, 23, 4)(28, 23, 2)(22, 24, 1)(24, 24, 2)(47, 24, 6)(1, 25, 3)(8, 26, 6)(12, 26, 2)(29, 26, 4)(36, 27, 6)(48, 28, 6)(20, 29, 4)(4, 31, 4)(30, 32, 1)(34, 32, 1)(37, 33, 4)(13, 34, 3)(27, 34, 5)(7, 35, 3)(19, 35, 2)(46, 35, 3)(18, 36, 1)(6, 38, 1)(26, 38, 2)(45, 38, 1)(15, 39, 1)
Queue1: (25, 17, 1), 
Queue2: 
Queue3: 
Queue4: 
Queue5: 

Time:22
Waiting clients:
(5, 23, 4)(28, 23, 2)(22, 24, 1)(24, 24, 2)(47, 24, 6)(1, 25, 3)(8, 26, 6)(12, 26, 2)(29, 26, 4)(36, 27, 6)(48, 28, 6)(20, 29, 4)(4, 31, 4)(30, 32, 1)(34, 32, 1)(37, 33, 4)(13, 34, 3)(27, 34, 5)(7, 35, 3)(19, 35, 2)(46, 35, 3)(18, 36, 1)(6, 38, 1)(26, 38, 2)(45, 38, 1)(15, 39, 1)
Queue1: (21, 22, 3), 
Queue2: 
Queue3: 
Queue4: 
Queue5: 

Time:23
Waiting clients:
(22, 24, 1)(24, 24, 2)(47, 24, 6)(1, 25, 3)(8, 26, 6)(12, 26, 2)(29, 26, 4)(36, 27, 6)(48, 28, 6)(20, 29, 4)(4, 31, 4)(30, 32, 1)(34, 32, 1)(37, 33, 4)(13, 34, 3)(27, 34, 5)(7, 35, 3)(19, 35, 2)(46, 35, 3)(18, 36, 1)(6, 38, 1)(26, 38, 2)(45, 38, 1)(15, 39, 1)
Queue1: (21, 22, 2), 
Queue2: (5, 23, 4), 
Queue3: (28, 23, 2), 
Queue4: 
Queue5: 

Time:24
Waiting clients:
(1, 25, 3)(8, 26, 6)(12, 26, 2)(29, 26, 4)(36, 27, 6)(48, 28, 6)(20, 29, 4)(4, 31, 4)(30, 32, 1)(34, 32, 1)(37, 33, 4)(13, 34, 3)(27, 34, 5)(7, 35, 3)(19, 35, 2)(46, 35, 3)(18, 36, 1)(6, 38, 1)(26, 38, 2)(45, 38, 1)(15, 39, 1)
Queue1: (21, 22, 1), (47, 24, 6), 
Queue2: (5, 23, 3), 
Queue3: (28, 23, 1), 
Queue4: (22, 24, 1), 
Queue5: (24, 24, 2), 

Time:25
Waiting clients:
(8, 26, 6)(12, 26, 2)(29, 26, 4)(36, 27, 6)(48, 28, 6)(20, 29, 4)(4, 31, 4)(30, 32, 1)(34, 32, 1)(37, 33, 4)(13, 34, 3)(27, 34, 5)(7, 35, 3)(19, 35, 2)(46, 35, 3)(18, 36, 1)(6, 38, 1)(26, 38, 2)(45, 38, 1)(15, 39, 1)
Queue1: (47, 24, 6), 
Queue2: (5, 23, 2), 
Queue3: (1, 25, 3), 
Queue4: 
Queue5: (24, 24, 1), 

Time:26
Waiting clients:
(36, 27, 6)(48, 28, 6)(20, 29, 4)(4, 31, 4)(30, 32, 1)(34, 32, 1)(37, 33, 4)(13, 34, 3)(27, 34, 5)(7, 35, 3)(19, 35, 2)(46, 35, 3)(18, 36, 1)(6, 38, 1)(26, 38, 2)(45, 38, 1)(15, 39, 1)
Queue1: (47, 24, 5), 
Queue2: (5, 23, 1), (29, 26, 4), 
Queue3: (1, 25, 2), 
Queue4: (8, 26, 6), 
Queue5: (12, 26, 2), 

Time:27
Waiting clients:
(48, 28, 6)(20, 29, 4)(4, 31, 4)(30, 32, 1)(34, 32, 1)(37, 33, 4)(13, 34, 3)(27, 34, 5)(7, 35, 3)(19, 35, 2)(46, 35, 3)(18, 36, 1)(6, 38, 1)(26, 38, 2)(45, 38, 1)(15, 39, 1)
Queue1: (47, 24, 4), 
Queue2: (29, 26, 4), 
Queue3: (1, 25, 1), (36, 27, 6), 
Queue4: (8, 26, 5), 
Queue5: (12, 26, 1), 

Time:28
Waiting clients:
(20, 29, 4)(4, 31, 4)(30, 32, 1)(34, 32, 1)(37, 33, 4)(13, 34, 3)(27, 34, 5)(7, 35, 3)(19, 35, 2)(46, 35, 3)(18, 36, 1)(6, 38, 1)(26, 38, 2)(45, 38, 1)(15, 39, 1)
Queue1: (47, 24, 3), 
Queue2: (29, 26, 3), 
Queue3: (36, 27, 6), 
Queue4: (8, 26, 4), 
Queue5: (48, 28, 6), 

Time:29
Waiting clients:
(4, 31, 4)(30, 32, 1)(34, 32, 1)(37, 33, 4)(13, 34, 3)(27, 34, 5)(7, 35, 3)(19, 35, 2)(46, 35, 3)(18, 36, 1)(6, 38, 1)(26, 38, 2)(45, 38, 1)(15, 39, 1)
Queue1: (47, 24, 2), (20, 29, 4), 
Queue2: (29, 26, 2), 
Queue3: (36, 27, 5), 
Queue4: (8, 26, 3), 
Queue5: (48, 28, 5), 

Time:30
Waiting clients:
(4, 31, 4)(30, 32, 1)(34, 32, 1)(37, 33, 4)(13, 34, 3)(27, 34, 5)(7, 35, 3)(19, 35, 2)(46, 35, 3)(18, 36, 1)(6, 38, 1)(26, 38, 2)(45, 38, 1)(15, 39, 1)
Queue1: (47, 24, 1), (20, 29, 4), 
Queue2: (29, 26, 1), 
Queue3: (36, 27, 4), 
Queue4: (8, 26, 2), 
Queue5: (48, 28, 4), 

Time:31
Waiting clients:
(30, 32, 1)(34, 32, 1)(37, 33, 4)(13, 34, 3)(27, 34, 5)(7, 35, 3)(19, 35, 2)(46, 35, 3)(18, 36, 1)(6, 38, 1)(26, 38, 2)(45, 38, 1)(15, 39, 1)
Queue1: (20, 29, 4), 
Queue2: (4, 31, 4), 
Queue3: (36, 27, 3), 
Queue4: (8, 26, 1), 
Queue5: (48, 28, 3), 

Time:32
Waiting clients:
(37, 33, 4)(13, 34, 3)(27, 34, 5)(7, 35, 3)(19, 35, 2)(46, 35, 3)(18, 36, 1)(6, 38, 1)(26, 38, 2)(45, 38, 1)(15, 39, 1)
Queue1: (20, 29, 3), 
Queue2: (4, 31, 3), 
Queue3: (36, 27, 2), 
Queue4: (30, 32, 1), (34, 32, 1), 
Queue5: (48, 28, 2), 

Time:33
Waiting clients:
(13, 34, 3)(27, 34, 5)(7, 35, 3)(19, 35, 2)(46, 35, 3)(18, 36, 1)(6, 38, 1)(26, 38, 2)(45, 38, 1)(15, 39, 1)
Queue1: (20, 29, 2), 
Queue2: (4, 31, 2), 
Queue3: (36, 27, 1), (37, 33, 4), 
Queue4: (34, 32, 1), 
Queue5: (48, 28, 1), 

Time:34
Waiting clients:
(7, 35, 3)(19, 35, 2)(46, 35, 3)(18, 36, 1)(6, 38, 1)(26, 38, 2)(45, 38, 1)(15, 39, 1)
Queue1: (20, 29, 1), 
Queue2: (4, 31, 1), 
Queue3: (37, 33, 4), 
Queue4: (13, 34, 3), 
Queue5: (27, 34, 5), 

Time:35
Waiting clients:
(18, 36, 1)(6, 38, 1)(26, 38, 2)(45, 38, 1)(15, 39, 1)
Queue1: (7, 35, 3), 
Queue2: (19, 35, 2), (46, 35, 3), 
Queue3: (37, 33, 3), 
Queue4: (13, 34, 2), 
Queue5: (27, 34, 4), 

Time:36
Waiting clients:
(6, 38, 1)(26, 38, 2)(45, 38, 1)(15, 39, 1)
Queue1: (7, 35, 2), 
Queue2: (19, 35, 1), (46, 35, 3), 
Queue3: (37, 33, 2), 
Queue4: (13, 34, 1), (18, 36, 1), 
Queue5: (27, 34, 3), 

Time:37
Waiting clients:
(6, 38, 1)(26, 38, 2)(45, 38, 1)(15, 39, 1)
Queue1: (7, 35, 1), 
Queue2: (46, 35, 3), 
Queue3: (37, 33, 1), 
Queue4: (18, 36, 1), 
Queue5: (27, 34, 2), 

Time:38
Waiting clients:
(15, 39, 1)
Queue1: (6, 38, 1), 
Queue2: (46, 35, 2), 
Queue3: (26, 38, 2), 
Queue4: (45, 38, 1), 
Queue5: (27, 34, 1), 

Time:39
Waiting clients:

Queue1: (15, 39, 1), 
Queue2: (46, 35, 1), 
Queue3: (26, 38, 1), 
Queue4: 
Queue5: 

Simulation stats:
--Peak hour: 9
--Average service time: 3.18
--Average wait time: 0.38
